4,3
4,2
4,1
4,0
3,6
3,5
3,4
3,3
3,2
3,1
3,0
2,2
1,2
0,312
0,243
2,1
2,4
2,3
2,0
1,1
1,3
1,0
0,9
0,310
0,305
0,308
0,304
0,303
0,302
0,307
0,12
0,10
0,8
0,0
0,420
0,300
0,419
0,299
0,418
0,298
0,417
0,297
0,416
0,296
0,415
0,295
0,439
0,294
0,413
0,293
0,412
0,292
0,389
0,291
0,410
0,290
0,437
0,289
0,409
0,288
0,407
0,287
0,406
0,286
0,405
0,285
0,404
0,284
0,283
0,403
0,282
0,435
0,281
0,357
0,280
0,434
0,279
0,401
0,278
0,400
0,277
0,399
0,276
0,398
0,275
0,397
0,274
0,396
0,273
0,395
0,272
0,394
0,271
0,351
0,270
0,433
0,269
0,392
0,268
0,391
0,267
0,390
0,266
0,432
0,265
0,431
0,264
0,430
0,263
0,429
0,262
0,428
0,261
0,427
0,260
0,426
0,259
0,425
0,258
0,424
0,257
0,256
0,341
0,255
0,388
0,254
0,334
0,253
0,443
0,252
0,387
0,251
0,339
0,250
0,336
0,249
0,421
0,248
0,366
0,247
0,348
0,246
0,386
0,245
0,382
0,244
0,242
0,383
0,241
0,414
0,240
0,379
0,239
0,333
0,238
0,447
0,237
0,236
0,376
0,235
0,375
0,234
0,354
0,233
0,373
0,232
0,368
0,231
0,367
0,230
0,344
0,229
0,365
0,228
0,364
0,227
0,370
0,226
0,369
0,225
0,361
0,224
0,360
0,223
0,359
0,222
0,358
0,221
0,363
0,220
0,356
0,219
0,355
0,218
0,350
0,217
0,353
0,216
0,352
0,215
0,362
0,214
0,342
0,213
0,212
0,446
0,211
0,445
0,210
0,209
0,330
0,208
0,440
0,207
0,343
0,206
0,444
0,205
0,411
0,204
0,340
0,203
0,438
0,202
0,338
0,201
0,337
0,200
0,442
0,199
0,335
0,198
0,441
0,197
0,347
0,196
0,332
0,195
0,194
0,345
0,193
0,329
0,192
0,328
0,63
0,327
0,62
0,326
0,61
0,325
